markerID AC AF N BETA SE Tstat p.value varT varTstar AF.Cases AF.Controls N.Cases N.Controls
chr1:33856_A/C 4 0.0020000000949949 1000 -1.10858142026811 1.95905532556939 -0.288851211547625 0.571478414613498 0.260559311446667 0.260730654240223 0 0.00221729490022173 98 902
chr1:33858_A/C 5 0.00249999994412065 1000 -1.06990298143063 2.0909066178879 -0.244723189011293 0.608865651154462 0.228734000426899 0.228940016198255 0 0.00277161862527716 98 902
