markerID AC AF N BETA SE Tstat p.value varT varTstar AF.Cases AF.Controls N.Cases N.Controls
chr1:33856_A/C 4 0.0020000000949949 1000 -1.10858079525106 1.95905544889556 -0.288851012326196 0.571478655727293 0.260559278641284 0.260730621413267 0 0.00221729490022173 98 902
chr1:33858_A/C 5 0.00249999994412065 1000 -1.06990193177296 2.09090600524393 -0.244723092328557 0.608865897604625 0.228734134466905 0.228940150358988 0 0.00277161862527716 98 902
