markerID AC AF N BETA SE Tstat p.value varT varTstar
chr1:4_A/C 20 0.0100200400799513 998 -0.0438058149955433 0.19608567337899 -1.13930508776111 0.823223110679928 26.0080787876455 26.0370823328841
chr1:4_A/T 4 0.00200400801608339 998 0.0971127309023188 0.493309644061992 0.399058857933639 0.843937422671141 4.10923319966188 4.093739947613
chr1:4_A/C 20 0.0100200400799513 998 -0.0438058149955433 0.19608567337899 -1.13930508776111 0.823223110679928 26.0080787876455 26.0370823328841
chr1:4_A/T 4 0.00200400801608339 998 0.0971127309023188 0.493309644061992 0.399058857933639 0.843937422671141 4.10923319966188 4.093739947613
